# 5726 4
0.4659428 0.0343540 0.4481908 0.0515124
0.4770131 0.0376670 0.4241647 0.0611551
0.3731180 0.0449809 0.4869467 0.0949544
0.4628958 0.0380101 0.4398705 0.0592237
0.4277996 0.0280503 0.4913726 0.0527775
0.6117068 0.0610866 0.2832982 0.0439084
0.5906626 0.0352991 0.3421278 0.0319104
0.4092091 0.0246401 0.5163598 0.0497910
0.6046075 0.0307400 0.3343582 0.0302943
0.4139756 0.0209116 0.5314726 0.0336401
0.8950807 0.0321042 0.0704179 0.0023972
0.4452342 0.0264724 0.4804438 0.0478496
0.5330987 0.0342690 0.3959373 0.0366949
0.3599775 0.0260749 0.5588609 0.0550867
0.6399335 0.0451377 0.2879522 0.0269765
0.5626936 0.0358477 0.3693697 0.0320890
0.6050805 0.0440156 0.3097564 0.0411475
0.6815465 0.0273529 0.2684496 0.0226510
0.7089639 0.0237557 0.2555439 0.0117365
0.5167193 0.0573450 0.3525882 0.0733474
0.5745821 0.0395280 0.3747788 0.0111111
0.2523121 0.0053118 0.6074935 0.1348826
0.6358322 0.0390850 0.3042316 0.0208513
0.3489248 0.0537943 0.4827728 0.1145082
0.5340928 0.0341921 0.3893011 0.0424140
0.1460014 0.0237867 0.6298018 0.2004101
0.3352479 0.0173786 0.5490769 0.0982966
0.3588584 0.0320344 0.5351044 0.0740028
0.4103376 0.0575176 0.4439760 0.0881689
0.6075061 0.0494254 0.2984398 0.0446287
0.4727186 0.0373205 0.4363535 0.0536074
0.6342963 0.0509793 0.2940697 0.0206547
0.6811505 0.0311377 0.2715951 0.0161167
0.5372983 0.0362970 0.3710248 0.0553798
0.7382230 0.0316184 0.2132295 0.0169292
0.7656143 0.0283241 0.1955815 0.0104801
0.7754501 0.0344991 0.1801543 0.0098964
0.8758184 0.0444949 0.0765527 0.0031339
0.5369843 0.0227478 0.4151473 0.0251206
0.6829718 0.0233311 0.2784949 0.0152021
0.6695019 0.0234452 0.2903048 0.0167480
0.8052997 0.0502540 0.1365697 0.0078767
0.3928437 0.0365348 0.5200408 0.0505807
0.4084827 0.0364030 0.4901092 0.0650052
0.4118377 0.0206370 0.5112039 0.0563214
0.4729576 0.0388381 0.4464389 0.0417654
0.4420727 0.0282726 0.4798166 0.0498381
0.4474707 0.0267866 0.4795206 0.0462221
0.4372424 0.0271612 0.4801766 0.0554199
0.4841382 0.0441790 0.4188358 0.0528470
0.7036204 0.0575071 0.2217491 0.0171235
0.4862575 0.0385443 0.4228546 0.0523436
0.5609510 0.0398863 0.3567255 0.0424372
0.4581885 0.0388807 0.4455812 0.0573496
0.4042346 0.0355672 0.4902602 0.0699380
0.5414462 0.0312754 0.3909572 0.0363212
0.3508699 0.0244227 0.5580670 0.0666404
0.4330673 0.0284885 0.4691830 0.0692612
0.4072068 0.0388840 0.4898977 0.0640115
0.7268667 0.0685805 0.1885603 0.0159925
0.7902192 0.0737013 0.1218387 0.0142408
0.4906415 0.0328373 0.4280663 0.0484548
0.5325062 0.0312925 0.4058180 0.0303834
0.8798644 0.0435462 0.0740212 0.0025683
0.7033369 0.0384649 0.2444489 0.0137493
0.8305814 0.0298333 0.1348542 0.0047311
0.6566336 0.0472218 0.2795069 0.0166377
0.6636673 0.0501174 0.2699708 0.0162445
0.6460962 0.0424767 0.2940755 0.0173516
0.5866727 0.0426180 0.3432788 0.0274305
0.6721984 0.0449656 0.2639115 0.0189245
0.6542972 0.0429829 0.2820877 0.0206322
0.5013722 0.0505658 0.4042695 0.0437926
0.4407273 0.0291464 0.4723587 0.0577675
0.6366515 0.0560835 0.2653580 0.0419069
0.5803134 0.0340637 0.3434932 0.0421298
0.4637804 0.0259505 0.4712820 0.0389871
0.5285208 0.0311800 0.4074497 0.0328494
0.5954397 0.0440173 0.3158544 0.0446887
0.5521766 0.0419360 0.3627866 0.0431009
0.6048148 0.0139803 0.3540285 0.0271764
0.4567229 0.0352763 0.4328980 0.0751028
0.5570134 0.0200537 0.4088522 0.0140806
0.5114094 0.0265559 0.4137821 0.0482526
0.5315599 0.0379037 0.3934664 0.0370700
0.7077608 0.0512018 0.2233739 0.0176634
0.5827766 0.0266935 0.3697742 0.0207557
0.5159437 0.0271046 0.4332794 0.0236723
0.5555940 0.0270706 0.3909960 0.0263394
0.7841872 0.0470390 0.1521587 0.0166151
0.4945425 0.0235963 0.4604412 0.0214201
0.5239646 0.0244848 0.4133134 0.0382372
0.4524835 0.0319704 0.4821413 0.0334048
0.4947723 0.0301980 0.4500940 0.0249357
0.7784890 0.0342752 0.1795548 0.0076810
0.7662279 0.0509995 0.1745669 0.0082057
0.8364455 0.0291126 0.1300277 0.0044142
0.7763609 0.0628631 0.1495548 0.0112212
0.6895909 0.0385023 0.2561562 0.0157507
0.8549625 0.0361396 0.1054350 0.0034629
0.6810099 0.0663573 0.2356514 0.0169814
0.3734118 0.0327418 0.5242670 0.0695795
0.4697286 0.0296389 0.4514947 0.0491378
0.8044026 0.0464637 0.1419866 0.0071471
0.7236656 0.0256889 0.2389602 0.0116853
0.7207126 0.0254538 0.2413263 0.0125073
0.7708999 0.0491525 0.1676832 0.0122644
0.7229569 0.0588805 0.2005909 0.0175718
0.4098805 0.0323067 0.4884013 0.0694116
0.6452376 0.0321098 0.3069514 0.0157011
0.4065409 0.0352426 0.4640117 0.0942049
0.5076808 0.0637352 0.3527626 0.0758215
0.1001142 0.0337521 0.6522649 0.2138688
0.5517567 0.1149100 0.2748566 0.0584768
0.4962024 0.0383655 0.4278169 0.0376153
0.6463336 0.0403495 0.2665040 0.0468129
0.6131926 0.0370692 0.3271116 0.0226266
0.6356873 0.0415332 0.3056992 0.0170803
0.5489038 0.0264200 0.3911042 0.0335720
0.6128341 0.0286737 0.3343543 0.0241378
0.4362771 0.0441757 0.4444162 0.0751310
0.7782548 0.0116382 0.2018969 0.0082101
0.3309413 0.0223480 0.6153786 0.0313321
0.4248263 0.0403590 0.4667084 0.0681063
0.4390312 0.0508165 0.4248572 0.0852951
0.3748468 0.0263891 0.5474502 0.0513139
0.5094184 0.0253648 0.4184420 0.0467748
0.3875276 0.0282112 0.5140701 0.0701912
0.5348232 0.0412358 0.3778125 0.0461285
0.4530685 0.0151124 0.5003915 0.0314276
0.6363648 0.0309346 0.3052274 0.0274732
0.6334061 0.0324582 0.3094055 0.0247302
0.6167810 0.0294043 0.3259016 0.0279131
0.5721343 0.0340261 0.3575240 0.0363155
0.6123790 0.0354282 0.3174848 0.0347080
0.5669378 0.0470620 0.3349292 0.0510710
0.3507817 0.0209327 0.5797944 0.0484912
0.4645368 0.0405176 0.4308385 0.0641071
0.4275527 0.0193990 0.4779678 0.0750806
0.2798872 0.0408765 0.5448041 0.1344323
0.4236426 0.0330658 0.4818736 0.0614180
0.1444264 0.0230164 0.5971370 0.2354202
0.5222690 0.0440485 0.3815699 0.0521126
0.4428360 0.0335575 0.4598245 0.0637821
0.5340663 0.0302892 0.3858066 0.0498379
0.5376104 0.0312590 0.3922207 0.0389099
0.3572641 0.0160945 0.5944102 0.0322312
0.6554821 0.0341755 0.2824137 0.0279288
0.5104258 0.0257283 0.4245558 0.0392901
0.5043997 0.0321198 0.4238026 0.0396780
0.3954210 0.0263560 0.5113563 0.0668668
0.4002540 0.0236484 0.5066928 0.0694048
0.4109234 0.0185263 0.4943584 0.0761919
0.5003600 0.0382372 0.4113978 0.0500050
0.5910794 0.0435995 0.3307525 0.0345686
0.6525502 0.0582423 0.2722074 0.0170001
0.3273871 0.0347242 0.5111593 0.1267294
0.6105693 0.0291884 0.3382921 0.0219502
0.6013701 0.0351410 0.3240404 0.0394486
0.4391213 0.0360679 0.4591897 0.0656212
0.4221894 0.0293148 0.4880900 0.0604057
0.3822339 0.0200715 0.5113085 0.0863861
0.3852104 0.0457170 0.4696225 0.0994501
0.4756580 0.0465642 0.4008867 0.0768911
0.5429937 0.0230320 0.4013961 0.0325782
0.4637166 0.0231677 0.4492989 0.0638169
0.5371353 0.0393950 0.3790974 0.0443723
0.3961558 0.0573780 0.4004184 0.1460478
0.5960868 0.0338485 0.3433881 0.0266766
0.4801837 0.0304018 0.3904018 0.0990126
0.6845350 0.0331446 0.2596071 0.0227133
0.5564703 0.0276218 0.3697221 0.0461858
0.5844632 0.0246640 0.3699987 0.0208741
0.4546844 0.0164251 0.4892697 0.0396208
0.4860979 0.0263937 0.4180736 0.0694348
0.6216726 0.0554366 0.2973124 0.0255785
0.7113270 0.0574919 0.2189831 0.0121980
0.8113729 0.0545718 0.1265671 0.0074883
0.4800649 0.0348557 0.4145152 0.0705642
0.4354311 0.0213793 0.4949561 0.0482334
0.4891697 0.0346743 0.3836395 0.0925165
0.4031204 0.0279840 0.5002044 0.0686912
0.3510334 0.0274587 0.5411908 0.0803172
0.5374426 0.0425638 0.3683943 0.0515993
0.5526309 0.0381553 0.3597754 0.0494384
0.5143724 0.0431259 0.3853337 0.0571680
0.4274377 0.0489324 0.4411996 0.0824303
0.2829753 0.0407366 0.5633920 0.1128962
0.4427788 0.0262010 0.4703976 0.0606226
0.3659624 0.0556256 0.4754634 0.1029486
0.5730794 0.0774333 0.3167747 0.0327125
0.4842369 0.0197577 0.4516581 0.0443473
0.5070538 0.0390309 0.3938689 0.0600465
0.4827601 0.0373193 0.4200300 0.0598906
0.4231056 0.0200770 0.4573258 0.0994917
0.1622288 0.0140259 0.5672255 0.2565198
0.5251642 0.0630365 0.3475399 0.0642593
0.6548586 0.0644893 0.2327805 0.0478717
0.3865653 0.0136238 0.5496154 0.0501954
0.5438252 0.0253561 0.3963367 0.0344819
0.4707568 0.0712738 0.3713422 0.0866272
0.5262476 0.0330330 0.3838465 0.0568729
0.4670138 0.0542969 0.4091785 0.0695108
0.4909400 0.0445414 0.4000549 0.0644637
0.3988184 0.0288940 0.5038921 0.0683956
0.4847890 0.0412088 0.4208599 0.0531422
0.2694465 0.0444151 0.5012623 0.1848761
0.4498376 0.0475852 0.4119693 0.0906079
0.6551132 0.0674492 0.2630030 0.0144346
0.7507704 0.0360295 0.2047429 0.0084572
0.6738368 0.0479810 0.2617240 0.0164583
0.3520560 0.0328213 0.5147268 0.1003959
0.6648203 0.0627569 0.2545444 0.0178784
0.5154243 0.0327083 0.3826189 0.0692485
0.6934100 0.0548204 0.2369562 0.0148135
0.5305320 0.0343672 0.3896464 0.0454543
0.5985971 0.0434546 0.3154645 0.0424837
0.5702064 0.0282436 0.3737803 0.0277697
0.5739249 0.0349802 0.3648062 0.0262886
0.4281517 0.0325878 0.4618145 0.0774460
0.6997585 0.0405648 0.2445369 0.0151398
0.5786493 0.0261338 0.3737596 0.0214573
0.5890838 0.0247762 0.3523747 0.0337654
0.5740488 0.0488391 0.3388241 0.0382880
0.6296728 0.0364167 0.3127230 0.0211875
0.5238804 0.0411245 0.3900083 0.0449868
0.5402547 0.0383106 0.3915134 0.0299212
0.5625362 0.0281686 0.3824155 0.0268797
0.3751045 0.0148287 0.5597050 0.0503618
0.3693853 0.0630434 0.4393185 0.1282528
0.2598309 0.0721626 0.4969179 0.1710886
0.5128738 0.0629674 0.3511523 0.0730065
0.4953406 0.0519935 0.3748387 0.0778272
0.4912296 0.0629602 0.3776267 0.0681835
0.4915446 0.0341843 0.4118290 0.0624421
0.2503409 0.0471026 0.5666718 0.1358847
0.4311824 0.0304916 0.4833011 0.0550249
0.2514675 0.0281756 0.6202630 0.1000939
0.5115829 0.0677401 0.3508945 0.0697825
0.4133383 0.0134209 0.5036073 0.0696335
0.4524557 0.0303497 0.4590209 0.0581736
0.4242233 0.0571121 0.4245995 0.0940651
0.3546702 0.0303748 0.5457037 0.0692513
0.4096977 0.0391124 0.4468380 0.1043519
0.4406925 0.0418889 0.4336967 0.0837219
0.4757736 0.0720235 0.3683934 0.0838095
0.4828853 0.0591543 0.3888575 0.0691029
0.4197475 0.0355329 0.4934361 0.0512835
0.3047324 0.0223665 0.5824105 0.0904907
0.4199697 0.0416854 0.4530325 0.0853124
0.4786804 0.0201902 0.4538150 0.0473145
0.7621065 0.0590374 0.1440430 0.0348131
0.3943822 0.0472876 0.4834360 0.0748942
0.6932256 0.0520488 0.2402484 0.0144772
0.4053012 0.0225998 0.5416011 0.0304978
0.5449126 0.0327352 0.3648231 0.0575291
0.7357353 0.0620631 0.1885731 0.0136285
0.5414020 0.0377132 0.3799377 0.0409471
0.8129572 0.0446838 0.1366319 0.0057271
0.4965013 0.0302128 0.4349464 0.0383396
0.3893051 0.0408991 0.4800284 0.0897675
0.6099489 0.0461302 0.3013278 0.0425931
0.5077626 0.0224450 0.4288080 0.0409845
0.5258252 0.0308255 0.4099874 0.0333619
0.6523571 0.0505782 0.2630818 0.0339829
0.5044979 0.0290739 0.4316365 0.0347917
0.3966654 0.0268235 0.5181157 0.0583954
0.3710669 0.0242949 0.5541371 0.0505011
0.4772320 0.0305705 0.4529461 0.0392514
0.5448542 0.0297993 0.3956541 0.0296924
0.3206148 0.0283690 0.5860616 0.0649546
0.4868660 0.0345068 0.4330564 0.0455709
0.5221516 0.0360407 0.4040880 0.0377197
0.5671408 0.0449204 0.3596129 0.0283259
0.5825948 0.0447957 0.3323476 0.0402619
0.6400236 0.0541133 0.2840691 0.0217941
0.5581925 0.0369687 0.3690302 0.0358086
0.4751987 0.0402749 0.4322756 0.0522508
0.4284425 0.0403125 0.4624868 0.0687582
0.4839249 0.0570929 0.3800798 0.0789024
0.5652657 0.0229336 0.3816823 0.0301184
0.4039040 0.0283443 0.4837249 0.0840268
0.5241375 0.0252017 0.4148534 0.0358073
0.6326508 0.0343923 0.3197181 0.0132389
0.6529560 0.0353084 0.2932031 0.0185326
0.7880929 0.0274039 0.1787218 0.0057814
0.5302045 0.0362824 0.3901740 0.0433391
0.4040013 0.0376944 0.4587318 0.0995726
0.4519632 0.0334041 0.4498711 0.0647615
0.4501129 0.0277472 0.4741042 0.0480357
0.5121591 0.0355205 0.4100815 0.0422389
0.5866784 0.0450954 0.3432034 0.0250229
0.4670893 0.0467477 0.4202748 0.0658882
0.4768199 0.0286122 0.4398648 0.0547030
0.6037860 0.0356437 0.3142343 0.0463360
0.4828600 0.0291285 0.4446950 0.0433166
0.3626697 0.0305689 0.5307583 0.0760030
0.4422056 0.0181204 0.5109703 0.0287036
0.4513169 0.0427400 0.4497230 0.0562201
0.5194855 0.0488485 0.3791161 0.0525500
0.4768179 0.0542245 0.3883770 0.0805806
0.3939883 0.0444568 0.4761821 0.0853728
0.4718219 0.0355051 0.4494608 0.0432122
0.4258261 0.0420027 0.4454859 0.0866853
0.5953944 0.0509718 0.2970843 0.0565495
0.4164469 0.0155828 0.4792936 0.0886767
0.3520867 0.0353461 0.4671434 0.1454238
0.4807748 0.0314548 0.4484605 0.0393100
0.3854860 0.0395906 0.5065916 0.0683317
0.2784963 0.0381122 0.5805862 0.1028053
0.2780929 0.0558789 0.4662524 0.1997757
0.4747009 0.0512524 0.4096329 0.0644138
0.5360492 0.0485333 0.3610633 0.0543543
0.4272313 0.0415141 0.4686781 0.0625766
0.4325590 0.0463411 0.4530497 0.0680503
0.4853896 0.0397508 0.4293080 0.0455516
0.5031366 0.0335700 0.4127231 0.0505704
0.3816914 0.0401492 0.4961358 0.0820236
0.7012565 0.0370207 0.2429098 0.0188130
0.3596091 0.0358205 0.5237066 0.0808639
0.5268107 0.0367909 0.3996939 0.0367045
0.4517137 0.0317399 0.4656153 0.0509311
0.4486909 0.0428183 0.4442550 0.0642359
0.4833958 0.0663577 0.3800738 0.0701726
0.5372591 0.0574678 0.3483975 0.0568757
0.4484902 0.0365367 0.4555655 0.0594075
0.4939643 0.0556232 0.3826513 0.0677612
0.4820689 0.0677042 0.3775126 0.0727144
0.4656185 0.0390058 0.4451102 0.0502655
0.4966713 0.0482357 0.3984519 0.0566410
0.4647751 0.0422268 0.4347255 0.0582726
0.4858717 0.0523388 0.4086395 0.0531500
0.5172185 0.0425848 0.3955218 0.0446749
0.4488914 0.0501967 0.4340770 0.0668349
0.4809512 0.0408901 0.3902543 0.0879044
0.3879909 0.0317569 0.5120589 0.0681933
0.6067633 0.0298906 0.3115741 0.0517720
0.4029272 0.0160995 0.5195024 0.0614709
0.6040015 0.0325644 0.3373502 0.0260839
0.5777394 0.0378187 0.3419876 0.0424543
0.3572943 0.0623948 0.4429468 0.1373641
0.6221748 0.0317867 0.3122289 0.0338097
0.4929242 0.0536781 0.3791600 0.0742376
0.3912987 0.0718493 0.4221615 0.1146906
0.3194513 0.0941168 0.4326981 0.1537338
0.2430298 0.0640340 0.5682383 0.1246979
0.4167521 0.0311926 0.4765275 0.0755278
0.4291935 0.0314110 0.4644833 0.0749122
0.4878761 0.0269351 0.4406103 0.0445785
0.4666808 0.0339136 0.4494406 0.0499650
0.3996980 0.0521991 0.4385113 0.1095915
0.5374123 0.0430171 0.3657918 0.0537787
0.3401567 0.0234395 0.5693062 0.0670977
0.4891032 0.0552373 0.3798134 0.0758461
0.3299588 0.0506174 0.5046724 0.1147514
0.3225198 0.0169971 0.5938164 0.0666667
0.5001374 0.0415230 0.4055890 0.0527507
0.3570556 0.0406591 0.5148569 0.0874284
0.6544158 0.0177890 0.3076987 0.0200965
0.3499514 0.0386462 0.4804282 0.1309742
0.5498970 0.0310951 0.3920548 0.0269531
0.3361921 0.0324103 0.5247021 0.1066956
0.6543795 0.0253679 0.3024934 0.0177591
0.3879596 0.0288891 0.5128636 0.0702877
0.4815142 0.0858308 0.3469332 0.0857218
0.5343683 0.0369394 0.3820941 0.0465983
0.4038920 0.0274475 0.4940464 0.0746141
0.5593078 0.0434459 0.3510356 0.0462108
0.5084836 0.0444684 0.3904628 0.0565853
0.5978847 0.0415510 0.3191940 0.0413703
0.2662563 0.0222251 0.5926223 0.1188963
0.4510379 0.0237765 0.4786741 0.0465115
0.3889787 0.0333846 0.4948377 0.0827990
0.1082395 0.0342256 0.6162565 0.2412784
0.3645570 0.0299059 0.5237113 0.0818258
0.6693964 0.1264178 0.1820887 0.0220972
0.5577873 0.0349837 0.3563840 0.0508449
0.4800626 0.0235173 0.4541082 0.0423120
0.7214890 0.0759973 0.1843518 0.0181619
0.4975275 0.0443086 0.4093264 0.0488375
0.5161356 0.0427784 0.3883766 0.0527094
0.5659732 0.0465662 0.3626851 0.0247754
0.5970437 0.0474890 0.3302499 0.0252174
0.4144037 0.0274414 0.4872689 0.0708860
0.4756634 0.0358431 0.4436598 0.0448338
0.4944701 0.0435816 0.3917762 0.0701720
0.7724100 0.0371615 0.1811223 0.0093062
0.3082334 0.0360178 0.5321628 0.1235860
0.5505661 0.0466361 0.3405272 0.0622706
0.5467917 0.0263413 0.3890401 0.0378270
0.6218191 0.0247850 0.3298141 0.0235818
0.5724494 0.0662550 0.2815514 0.0797442
0.5042073 0.0285711 0.4241906 0.0430310
0.3708823 0.0296359 0.4987807 0.1007012
0.5620178 0.0315720 0.3800683 0.0263420
0.5681085 0.0368215 0.3598852 0.0351849
0.2756163 0.0194486 0.6446519 0.0602832
0.3920670 0.0530590 0.4872571 0.0676169
0.3727320 0.0340431 0.4980514 0.0951736
0.0481306 0.0008334 0.6973492 0.2536868
0.6176872 0.0445546 0.2995098 0.0382484
0.4466425 0.0389286 0.4424820 0.0719469
0.5343642 0.0335629 0.3933727 0.0387001
0.5703092 0.0226542 0.3858737 0.0211629
0.8445334 0.0606097 0.0788728 0.0159842
0.5884583 0.0423547 0.3300498 0.0391372
0.4410618 0.0481193 0.4158341 0.0949847
0.4472540 0.0390341 0.4517497 0.0619622
0.4831209 0.0363104 0.4221108 0.0584578
0.6383217 0.0266060 0.3042271 0.0308452
0.5342561 0.0429229 0.3735498 0.0492712
0.4803910 0.0530620 0.3591451 0.1074018
0.5268453 0.0493316 0.3601121 0.0637110
0.5397018 0.0247971 0.4063335 0.0291676
0.3387174 0.0323641 0.5703959 0.0585226
0.3545893 0.0305283 0.5187871 0.0960953
0.5756200 0.0496991 0.3591336 0.0155474
0.4959598 0.0247049 0.4379576 0.0413777
0.5645003 0.0453344 0.3349292 0.0552361
0.4669231 0.0378820 0.4437139 0.0514810
0.4373595 0.0364293 0.4733929 0.0528183
0.4919676 0.0347418 0.4222003 0.0510904
0.5009098 0.0280901 0.4406351 0.0303650
0.4453846 0.0500477 0.4250009 0.0795669
0.6581120 0.0215961 0.2956449 0.0246470
0.7762835 0.0349512 0.1812227 0.0075425
0.5388014 0.0504214 0.3571252 0.0536520
0.4020870 0.0336509 0.4769722 0.0872898
0.5118686 0.0186114 0.4374325 0.0320875
0.6360599 0.0622997 0.2824604 0.0191800
0.4418694 0.0302297 0.4585207 0.0693802
0.4755738 0.0359395 0.4276668 0.0608200
0.3812275 0.0482865 0.4959347 0.0745514
0.6968537 0.0298312 0.2483627 0.0249524
0.3044811 0.0462998 0.5273557 0.1218633
0.2275701 0.0025993 0.6725822 0.0972484
0.5579903 0.0269865 0.3746316 0.0403916
0.3079169 0.0271739 0.5305882 0.1343210
0.6722263 0.0361057 0.2721315 0.0195365
0.3928039 0.0271253 0.4937547 0.0863162
0.3146999 0.0098420 0.6384925 0.0369656
0.3319540 0.0215725 0.5796784 0.0667951
0.2856804 0.0092719 0.6747733 0.0302744
0.4523086 0.0178808 0.4966183 0.0331922
0.2624371 0.0106948 0.6604387 0.0664293
0.3241896 0.0158567 0.5826829 0.0772707
0.4105582 0.0261020 0.5027466 0.0605932
0.3300060 0.0195966 0.5870941 0.0633034
0.4669403 0.0175155 0.4888652 0.0266790
0.4060800 0.0129163 0.5507557 0.0302481
0.4919524 0.0186969 0.4609457 0.0284050
0.5065785 0.0229871 0.4391029 0.0313315
0.6150873 0.0261865 0.3318743 0.0268519
0.5164265 0.0183369 0.4391952 0.0260414
0.5053131 0.0177523 0.4407358 0.0361987
0.5230776 0.0189611 0.4270875 0.0308738
0.3989766 0.0165603 0.5301362 0.0543269
0.5116109 0.0240802 0.4238488 0.0404601
0.3904349 0.0161957 0.5532356 0.0401338
0.3499125 0.0170726 0.5780723 0.0549426
0.5402210 0.0295690 0.3985270 0.0316831
0.4923230 0.0207361 0.4454800 0.0414609
0.5740398 0.0218773 0.3748445 0.0292384
0.5293646 0.0223371 0.4243580 0.0239403
0.4435797 0.0182183 0.4937627 0.0444393
0.3269287 0.0145696 0.6016010 0.0569007
0.2949932 0.0381247 0.5885207 0.0783614
0.4337390 0.0217666 0.4879114 0.0565830
0.3088752 0.0067858 0.5968561 0.0874829
0.1483778 0.0163003 0.7232965 0.1120254
0.2035977 0.0056726 0.7162260 0.0745036
0.4458222 0.0479108 0.3971187 0.1091483
0.3643051 0.0112567 0.5745606 0.0498776
0.5592075 0.0196980 0.3646685 0.0564260
0.2505154 0.0116943 0.6721031 0.0656872
0.4095304 0.0198928 0.5331160 0.0374608
0.3867079 0.0408477 0.4961298 0.0763145
0.6289274 0.0355175 0.3027890 0.0327661
0.4381202 0.0251382 0.4779432 0.0587984
0.4536345 0.0216567 0.4740227 0.0506861
0.4187790 0.0184246 0.5277372 0.0350592
0.3747937 0.0155357 0.5568294 0.0528413
0.6697391 0.0118344 0.3082076 0.0102188
0.6847701 0.0362164 0.2538545 0.0251589
0.4335024 0.0447256 0.4561547 0.0656174
0.4748253 0.0484267 0.4046802 0.0720678
0.5361677 0.0314026 0.3895173 0.0429125
0.2508555 0.0493969 0.5133661 0.1863815
0.3800470 0.0113183 0.5650641 0.0435706
0.4484161 0.0213045 0.5005260 0.0297534
0.4264515 0.0154566 0.5043722 0.0537197
0.3784746 0.0128852 0.5649953 0.0436449
0.6242463 0.0294289 0.2970584 0.0492664
0.6012800 0.0604433 0.2871412 0.0511355
0.3747116 0.0153827 0.5591863 0.0507193
0.4390941 0.0219615 0.4863924 0.0525520
0.5235353 0.0214023 0.4316053 0.0234571
0.5631673 0.0169195 0.4035870 0.0163262
0.4471309 0.0144736 0.5064512 0.0319442
0.3730759 0.0666391 0.4680792 0.0922058
0.5359152 0.0252202 0.3893573 0.0495072
0.4859013 0.0319670 0.4359402 0.0461914
0.4151578 0.0212431 0.5061611 0.0574380
0.4902493 0.0209011 0.4366371 0.0522125
0.3980143 0.0232449 0.4777012 0.1010396
0.3770712 0.0197927 0.5401313 0.0630048
0.4719548 0.0258977 0.4658639 0.0362836
0.4736407 0.0205514 0.4650295 0.0407784
0.3407983 0.0456351 0.5153952 0.0981715
0.4069580 0.0206418 0.5193718 0.0530284
0.5461394 0.0218284 0.4073763 0.0246559
0.3446943 0.0230004 0.5509450 0.0813604
0.4312788 0.0123583 0.5183646 0.0379983
0.8088587 0.0210363 0.1655957 0.0045093
0.4313379 0.0162979 0.4613931 0.0909711
0.4475274 0.0256256 0.4969710 0.0298759
0.6923883 0.0412199 0.2443121 0.0220798
0.5070851 0.0530853 0.3760977 0.0637319
0.3993106 0.0516378 0.4581365 0.0909152
0.5551109 0.0315546 0.3705472 0.0427872
0.6005297 0.0387182 0.3267279 0.0340242
0.5839699 0.0330720 0.3188720 0.0640862
0.5415408 0.0426336 0.3765688 0.0392568
0.2863222 0.0186407 0.6234374 0.0715996
0.5353686 0.0283075 0.3826841 0.0536398
0.3858245 0.0130097 0.5366886 0.0644772
0.3498386 0.0263022 0.5504371 0.0734221
0.4552419 0.0231056 0.4694666 0.0521859
0.3952667 0.0156772 0.5306438 0.0584123
0.5184763 0.0240969 0.4305222 0.0269046
0.6307149 0.0345735 0.2988256 0.0358860
0.4143112 0.0224179 0.5044452 0.0588257
0.3493572 0.0146171 0.5898664 0.0461593
0.5452696 0.0253428 0.3913023 0.0380853
0.5489610 0.0280781 0.3934920 0.0294690
0.4049410 0.0185538 0.5122304 0.0642747
0.4158417 0.0255262 0.5105654 0.0480667
0.2332220 0.0278747 0.6279151 0.1109882
0.2550637 0.0320845 0.6012794 0.1115724
0.3234888 0.0391809 0.5457290 0.0916013
0.5387881 0.0187607 0.3890448 0.0534064
0.5194538 0.0195914 0.4398677 0.0210870
0.4959730 0.0434376 0.3970712 0.0635182
0.6354899 0.0431535 0.2856514 0.0357052
0.5437600 0.0322954 0.3867595 0.0371851
0.5484213 0.0310196 0.3788872 0.0416719
0.4204294 0.0281604 0.4879653 0.0634449
0.3020798 0.0446850 0.4919225 0.1613126
0.3983929 0.0378131 0.4261068 0.1376871
0.4969052 0.0761873 0.4085640 0.0183435
0.3797853 0.0214763 0.5423608 0.0563776
0.5282739 0.0331295 0.3981588 0.0404378
0.1661936 0.0617927 0.5081732 0.2638405
0.2182027 0.0928556 0.4761053 0.2128364
0.4826799 0.0373466 0.4241067 0.0558668
0.4601482 0.0207109 0.4744439 0.0446970
0.4821694 0.0514481 0.3904556 0.0759269
0.3467656 0.0188192 0.5876579 0.0467572
0.5366080 0.0547336 0.3540151 0.0546433
0.3922462 0.0614420 0.4141130 0.1321988
0.5491722 0.0489293 0.3641771 0.0377214
0.4304643 0.0471644 0.4757606 0.0466107
0.4535780 0.0406263 0.4436534 0.0621422
0.5354690 0.0477219 0.3780595 0.0387496
0.4749222 0.0484469 0.4153078 0.0613231
0.4137982 0.0528769 0.4439354 0.0893894
0.4164982 0.0296541 0.4786723 0.0751754
0.4664134 0.0614485 0.4029904 0.0691477
0.3771223 0.0386375 0.4977452 0.0864950
0.3966814 0.0369839 0.5156679 0.0506669
0.4050898 0.0782675 0.4098909 0.1067517
0.4436005 0.0686306 0.4031525 0.0846164
0.4849877 0.0566199 0.3920017 0.0663907
0.5168268 0.0800733 0.3372853 0.0658146
0.4941056 0.0780379 0.3511389 0.0767176
0.4362253 0.0675809 0.4121116 0.0840822
0.4537605 0.0627719 0.4058612 0.0776064
0.5510492 0.0459546 0.3528386 0.0501576
0.4764240 0.0540499 0.4032750 0.0662512
0.5450177 0.0441525 0.3594981 0.0513317
0.4671678 0.0302623 0.4822595 0.0203103
0.5328048 0.0627589 0.3366289 0.0678074
0.4210643 0.0435708 0.4589566 0.0764083
0.5269748 0.0464941 0.3738502 0.0526809
0.3902361 0.0475912 0.4816185 0.0805542
0.4149033 0.0383596 0.4890885 0.0576485
0.5043769 0.0355779 0.4262970 0.0337481
0.4486149 0.0395261 0.4435639 0.0682950
0.4658640 0.0381436 0.4341060 0.0618865
0.4378621 0.0643393 0.4137947 0.0840039
0.4006683 0.0457460 0.4771666 0.0764191
0.4943237 0.0457077 0.3996291 0.0603395
0.4552014 0.0489032 0.4416151 0.0542803
0.3636975 0.0444543 0.5194066 0.0724417
0.4817009 0.0390184 0.4246086 0.0546720
0.4097298 0.0615796 0.4388431 0.0898475
0.3981509 0.0522840 0.4846789 0.0648862
0.4194442 0.0447014 0.4816472 0.0542071
0.4575013 0.0351161 0.4600623 0.0473204
0.4924621 0.0560801 0.4026699 0.0487879
0.5757713 0.0286621 0.3619831 0.0335835
0.3364877 0.0370271 0.5386753 0.0878099
0.2972632 0.0392503 0.5621532 0.1013333
0.3545939 0.0380813 0.5219998 0.0853250
0.3432947 0.0459401 0.4859282 0.1248371
0.3597382 0.0300864 0.5318887 0.0782868
0.4155294 0.0514485 0.4608435 0.0721786
0.4510056 0.0574433 0.4121017 0.0794494
0.5083822 0.0579247 0.3593032 0.0743899
0.4457074 0.0627070 0.3889556 0.1026299
0.4816029 0.0351278 0.4256962 0.0575731
0.4361978 0.0336788 0.4761327 0.0539907
0.4309587 0.0273223 0.4872287 0.0544903
0.4545246 0.0281434 0.4589361 0.0583959
0.4414621 0.0334999 0.4621385 0.0628995
0.5474987 0.0408729 0.3580957 0.0535328
0.6210128 0.0441066 0.2884303 0.0464504
0.4678675 0.0410405 0.4167798 0.0743122
0.5376953 0.0309142 0.3924955 0.0388950
0.4244624 0.0402491 0.4649323 0.0703562
0.3626945 0.0740109 0.4580589 0.1052357
0.3776743 0.0351332 0.5142310 0.0729615
0.4849151 0.0375894 0.4405744 0.0369211
0.5048193 0.0460268 0.3932688 0.0558851
0.5148420 0.0293303 0.4196738 0.0361540
0.4265115 0.0406925 0.4613528 0.0714432
0.4227874 0.0436618 0.4619766 0.0715742
0.4367990 0.0393332 0.4631005 0.0607673
0.4162557 0.0182208 0.5209207 0.0446028
0.5322433 0.0301049 0.3905123 0.0471396
0.4622325 0.0307477 0.4584897 0.0485301
0.6850283 0.1130126 0.1737264 0.0282327
0.4109345 0.0410828 0.4770744 0.0709083
0.5006810 0.0377017 0.4165032 0.0451141
0.5841526 0.0524636 0.3404240 0.0229598
0.4319697 0.0360398 0.4789198 0.0530707
0.9130523 0.0869477 0.0000000 0.0000000
0.5468232 0.0350727 0.3851183 0.0329858
0.5660024 0.0401300 0.3589490 0.0349186
0.5440002 0.0502296 0.3778887 0.0278814
0.6027024 0.0489167 0.3155179 0.0328630
0.3997672 0.0302468 0.5099855 0.0600005
0.7481080 0.0776415 0.1561471 0.0181034
0.4784325 0.0097061 0.4515637 0.0602976
0.4238156 0.0133677 0.5109194 0.0518972
0.4864641 0.0331232 0.4415378 0.0388750
0.6249074 0.0402733 0.3161645 0.0186548
0.4274874 0.0237110 0.5084798 0.0403218
0.4571798 0.0140843 0.4797255 0.0490104
0.4522524 0.0397415 0.4405105 0.0674956
0.4634887 0.0357743 0.4157681 0.0849688
0.3009678 0.0316548 0.5844582 0.0829192
0.4996329 0.0217853 0.4459541 0.0326278
0.4160813 0.0716096 0.3912598 0.1210493
0.3218094 0.0238704 0.5640760 0.0902443
0.2867334 0.1162537 0.5644702 0.0325426
0.4748604 0.0219940 0.4779499 0.0251957
0.3861521 0.0267110 0.5308036 0.0563333
0.4337041 0.0430293 0.4444680 0.0787986
0.4100581 0.0421332 0.4746625 0.0731462
0.6169147 0.0434963 0.3176565 0.0219324
0.2654282 0.0448932 0.5112896 0.1783891
0.4601866 0.0226137 0.4829633 0.0342364
0.3917299 0.0566001 0.4342491 0.1174208
0.3762727 0.0358789 0.5017985 0.0860499
0.6582324 0.0186631 0.2152535 0.1078511
0.2252943 0.0416855 0.6187175 0.1143027
0.4104211 0.0383193 0.4254984 0.1257612
0.4648804 0.0234242 0.4728131 0.0388823
0.4673325 0.0276313 0.4560438 0.0489924
0.2321070 0.0808027 0.5394649 0.1476254
0.4139981 0.0432106 0.4833425 0.0594488
0.3459965 0.0301734 0.5454185 0.0784116
0.6062113 0.0322725 0.3180421 0.0434740
0.3453814 0.0144745 0.5320957 0.1080484
0.4427190 0.0194511 0.4925418 0.0452880
0.5434800 0.0230991 0.4156277 0.0177932
0.6579110 0.0236731 0.3045506 0.0138654
0.5153283 0.0393705 0.3928356 0.0524656
0.4498272 0.0550994 0.4019996 0.0930738
0.5505963 0.0584717 0.3302084 0.0607235
0.5204176 0.0215876 0.4180039 0.0399909
0.6518654 0.0193025 0.3040146 0.0248175
0.5182749 0.0156949 0.3138115 0.1522188
0.4290575 0.0412709 0.4295769 0.1000947
0.5506172 0.0583220 0.3314556 0.0596051
0.5471981 0.0299670 0.3514044 0.0714305
0.6623911 0.0217812 0.2748145 0.0410132
0.3511479 0.0355914 0.4805403 0.1327205
0.6065561 0.0248637 0.3455862 0.0229940
0.3476499 0.0274545 0.5523623 0.0725332
0.4222763 0.0277036 0.4887490 0.0612711
0.4439665 0.0302138 0.4648019 0.0610178
0.7237450 0.0355086 0.2205562 0.0201901
0.3290556 0.0238889 0.5078333 0.1392222
0.6101734 0.0410800 0.3115086 0.0372380
0.4079236 0.0497394 0.3802402 0.1620968
0.4660561 0.0314065 0.4744078 0.0281296
0.5064541 0.0659692 0.3546267 0.0729500
0.2383600 0.0286124 0.5726719 0.1603557
0.2354967 0.0748372 0.4415130 0.2481530
0.5007002 0.0288771 0.4049479 0.0654747
0.5748013 0.0204770 0.3093231 0.0953987
0.6186519 0.0299275 0.3192661 0.0321545
0.3157350 0.0194366 0.5947416 0.0700867
0.3810280 0.0480903 0.4694959 0.1013859
0.6044106 0.0694725 0.2939544 0.0321626
0.3630009 0.0230179 0.4605286 0.1534527
0.6867177 0.0393201 0.2592758 0.0146863
0.5712869 0.0556118 0.3532982 0.0198031
0.1521015 0.0078605 0.6649327 0.1751052
0.3016051 0.0437053 0.5300135 0.1246761
0.5482527 0.0128495 0.4234677 0.0154301
0.4630404 0.0282423 0.4748436 0.0338737
0.3815019 0.0306002 0.4975672 0.0903306
0.4966837 0.0444287 0.4082849 0.0506028
0.4688007 0.0349213 0.4588997 0.0373783
0.5577378 0.0437434 0.3546047 0.0439142
0.7079017 0.0450830 0.2223945 0.0246209
0.3862020 0.0414655 0.4769643 0.0953682
0.4874718 0.0450506 0.3941043 0.0733733
0.4748893 0.0280238 0.3750583 0.1220287
0.4409668 0.0312702 0.4547878 0.0729752
0.3518439 0.0168578 0.5124625 0.1188358
0.4638767 0.1176613 0.3420758 0.0763862
0.3394536 0.0622912 0.4587290 0.1395262
0.3988817 0.0419847 0.4832456 0.0758881
0.4012090 0.0322107 0.5092142 0.0573661
0.2889083 0.0060348 0.4862399 0.2188170
0.4385065 0.0419901 0.4554422 0.0640612
0.7355122 0.0408645 0.1997368 0.0238865
0.3383271 0.0063382 0.4471334 0.2082013
0.4792653 0.0345843 0.4410869 0.0450635
0.6737441 0.0359997 0.2591759 0.0310802
0.3261972 0.0655544 0.5152320 0.0930164
0.9073596 0.0926404 0.0000000 0.0000000
0.4272515 0.0150980 0.4979775 0.0596731
0.4465879 0.0733430 0.3912490 0.0888201
0.2879613 0.0596004 0.4689736 0.1834647
0.3401296 0.0560441 0.4794805 0.1243458
0.5909357 0.0248659 0.3574385 0.0267599
0.5161877 0.0389458 0.3889683 0.0558982
0.2263077 0.0655738 0.5582749 0.1498437
0.4679197 0.0274922 0.3996090 0.1049791
0.3962052 0.0504024 0.4486468 0.1047456
0.7654713 0.0352330 0.1842817 0.0150139
0.3814574 0.0284668 0.5423050 0.0477709
0.4792909 0.0238618 0.4727975 0.0240498
0.8441247 0.0565947 0.0695444 0.0297362
0.1250944 0.0178475 0.5237787 0.3332794
0.3009089 0.0109293 0.5639400 0.1242218
0.5202872 0.0560307 0.3610441 0.0626380
0.3310026 0.0467842 0.5547253 0.0674879
0.4379202 0.0581919 0.4014776 0.1024102
0.6605411 0.0310731 0.2816963 0.0266894
0.4776934 0.0460694 0.4147880 0.0614491
0.6634477 0.0652990 0.2102434 0.0610100
0.5865157 0.0482451 0.3153634 0.0498758
0.4934967 0.0190970 0.4622775 0.0251288
0.5320143 0.0322123 0.3835211 0.0522523
0.3958571 0.0441267 0.4782878 0.0817284
0.3484119 0.0066062 0.5633561 0.0816258
0.9150943 0.0849057 0.0000000 0.0000000
0.4540890 0.0607673 0.3758415 0.1093022
0.9646018 0.0353982 0.0000000 0.0000000
0.4642626 0.0178412 0.4697982 0.0480980
0.4113939 0.0397455 0.4330364 0.1158242
0.4008578 0.0315211 0.4665782 0.1010429
0.5260978 0.0251214 0.4221754 0.0266054
0.6610614 0.0258874 0.2935305 0.0195207
0.5434218 0.0244505 0.4135858 0.0185419
0.6190817 0.0435790 0.3219621 0.0153772
0.5477906 0.0279632 0.3925511 0.0316951
0.5160119 0.0304823 0.4296805 0.0238252
0.4233734 0.0200102 0.5287997 0.0278167
0.4821289 0.0277461 0.4514867 0.0386383
0.6071605 0.0333945 0.3353187 0.0241264
0.5361662 0.0372207 0.3985940 0.0280192
0.4332715 0.0305004 0.4600069 0.0762212
0.5565973 0.0323390 0.3813092 0.0297545
0.5132575 0.0389777 0.4124653 0.0352995
0.4978543 0.0302663 0.4285652 0.0433141
0.4374827 0.0367060 0.4431602 0.0826511
0.5216455 0.0370524 0.4047492 0.0365530
0.6887505 0.0447335 0.2465075 0.0200084
0.6837635 0.0232107 0.2876808 0.0053450
0.6290762 0.0363590 0.3242421 0.0103228
0.5345377 0.0214384 0.4075610 0.0364628
0.4750039 0.0795082 0.3672878 0.0782002
0.5479628 0.0594561 0.3345548 0.0580263
0.3656282 0.0130069 0.5670769 0.0542879
0.3302010 0.0305272 0.5615634 0.0777083
0.3846294 0.0355895 0.4591947 0.1205865
0.5558153 0.0212783 0.4005069 0.0223995
0.6340210 0.0523927 0.2902608 0.0233256
0.4671008 0.0228364 0.4663563 0.0437065
0.3504055 0.0410561 0.5410561 0.0674823
0.5843687 0.0245892 0.3610454 0.0299966
0.5193783 0.0243425 0.4214257 0.0348535
0.4482897 0.0418102 0.4469004 0.0629997
0.4330529 0.0186170 0.4958604 0.0524697
0.4351755 0.0221542 0.4900749 0.0525955
0.3328740 0.0366774 0.5634753 0.0669732
0.3633050 0.0134091 0.5621586 0.0611274
0.3679769 0.0176783 0.5571237 0.0572211
0.3185023 0.0226415 0.5841789 0.0746773
0.4108138 0.0201286 0.5089719 0.0600857
0.3587176 0.0130932 0.5756347 0.0525546
0.5536127 0.0228741 0.3995331 0.0239801
0.5283078 0.0255401 0.4266524 0.0194997
0.5245024 0.0239785 0.4312484 0.0202706
0.3294878 0.0116776 0.6075540 0.0512805
0.5752603 0.0164515 0.3656116 0.0426767
0.5692168 0.0637803 0.3401163 0.0268865
0.4145033 0.0219997 0.5258061 0.0376909
0.4338548 0.0746004 0.3938226 0.0977223
0.8507612 0.0566974 0.0866118 0.0059296
0.3051041 0.0093099 0.6457330 0.0398530
0.4702948 0.0710129 0.3744137 0.0842786
0.4038638 0.0934181 0.3753047 0.1274133
0.4340686 0.1006553 0.3689712 0.0963049
0.4338056 0.0939644 0.3734439 0.0987861
0.4329398 0.0941301 0.3771768 0.0957533
0.4462136 0.0821791 0.3883951 0.0832122
0.5147313 0.0651363 0.3583193 0.0618132
0.4277524 0.0744618 0.4072466 0.0905392
0.3566266 0.0153335 0.5585484 0.0694914
0.5068262 0.0638213 0.3644808 0.0648717
0.5222271 0.0301923 0.4058630 0.0417175
0.4393185 0.0839637 0.3848105 0.0919073
0.4059066 0.0970869 0.3863088 0.1106977
0.4240797 0.0926876 0.3781249 0.1051078
0.4693373 0.0690396 0.3934608 0.0681623
0.4458138 0.0734606 0.3946620 0.0860635
0.6095629 0.0479129 0.2983677 0.0441565
0.4377281 0.0830978 0.3849150 0.0942591
0.4561641 0.0698172 0.4009194 0.0730992
0.4020863 0.0928155 0.3918635 0.1132348
0.4593479 0.0651895 0.4039020 0.0715605
0.4292028 0.0843903 0.3892209 0.0971860
0.4762125 0.0912527 0.3422859 0.0902489
0.5078023 0.0654152 0.3625882 0.0641942
0.3061187 0.0471138 0.4892132 0.1575542
0.6190264 0.0386795 0.3059328 0.0363614
0.4801236 0.0676668 0.3801486 0.0720610
0.3642909 0.0308749 0.5239592 0.0808749
0.4543610 0.0922639 0.3652228 0.0881524
0.5046957 0.0533790 0.3782085 0.0637168
0.4439246 0.0640168 0.4174705 0.0745880
0.4509772 0.0988207 0.3549510 0.0952511
0.5337134 0.0701719 0.3306945 0.0654202
0.3954632 0.0109738 0.5649142 0.0286488
0.5339920 0.0614279 0.3559343 0.0486458
0.3838509 0.0795095 0.4091710 0.1274686
0.3450894 0.0641021 0.4643178 0.1264907
0.4286768 0.0814980 0.3870424 0.1027827
0.4860092 0.0786564 0.3586812 0.0766531
0.4243931 0.0779150 0.3995699 0.0981221
0.4409572 0.0332274 0.4651415 0.0606740
0.2955300 0.0078763 0.6341806 0.0624131
0.3923995 0.0880870 0.4111475 0.1083660
0.3670212 0.0898679 0.4238290 0.1192819
0.4885344 0.0389129 0.4509192 0.0216335
0.4277708 0.0867483 0.3822994 0.1031816
0.3039124 0.0480286 0.5266174 0.1214417
0.4435982 0.0837130 0.3763683 0.0963205
0.4840337 0.0841722 0.3554866 0.0763074
0.5210202 0.0596541 0.3629656 0.0563601
0.4269616 0.0843913 0.3890897 0.0995573
0.4938442 0.0645144 0.3774680 0.0641734
0.5259022 0.0674593 0.3442978 0.0623407
0.4703794 0.0773363 0.3762605 0.0760237
0.4426198 0.0770366 0.3901733 0.0901702
0.4294421 0.0414817 0.4689461 0.0601302
0.4505013 0.1047983 0.3382746 0.1064259
0.5604370 0.0510322 0.3318875 0.0566433
0.4356025 0.0862990 0.3778945 0.1002040
0.4764108 0.0803566 0.3586548 0.0845778
0.4995988 0.0662424 0.3623776 0.0717811
0.4876912 0.0785389 0.3498894 0.0838805
0.4549016 0.0869438 0.3684025 0.0897521
0.4726480 0.0889555 0.3459720 0.0924245
0.3603426 0.0475148 0.5049479 0.0871947
0.3735854 0.0219067 0.5328869 0.0716210
0.4962410 0.0568678 0.3811705 0.0657206
0.7258770 0.0246657 0.2390547 0.0104026
0.5755812 0.0581651 0.3196510 0.0466026
0.4651713 0.0782086 0.3761922 0.0804280
0.5032117 0.0298495 0.4124114 0.0545274
0.5555471 0.0398800 0.3741678 0.0304051
0.4933954 0.0676950 0.3711307 0.0677789
0.4870945 0.0519748 0.4085901 0.0523406
0.4801261 0.0717021 0.3706650 0.0775068
0.4236050 0.0867941 0.3832102 0.1063907
0.4272395 0.0409664 0.4571372 0.0746568
0.6823755 0.0386500 0.2661538 0.0128207
0.6180638 0.0488453 0.2982714 0.0348196
0.6504831 0.0330377 0.2943170 0.0221622
0.4235984 0.0620542 0.4160637 0.0982838
0.4626690 0.0664047 0.3903781 0.0805482
0.5551310 0.0283074 0.3641571 0.0524045
0.6030650 0.0570248 0.2880043 0.0519059
0.4240485 0.0992409 0.3782665 0.0984442
0.5702880 0.0441163 0.3266768 0.0589188
0.3674415 0.0637321 0.4692270 0.0995994
0.4481221 0.0817514 0.3818076 0.0883189
0.4280891 0.0977309 0.3681837 0.1059962
0.4306867 0.0701588 0.4172861 0.0818685
0.4657329 0.0905016 0.3543899 0.0893757
0.4448110 0.0234199 0.4840084 0.0477607
0.5767669 0.0607848 0.3056884 0.0567599
0.4225191 0.0949691 0.3840997 0.0984121
0.3922574 0.0896066 0.4096552 0.1084809
0.2976333 0.0161647 0.5940684 0.0921336
0.4695722 0.0297803 0.4513979 0.0492496
0.3447676 0.0393255 0.5301336 0.0857734
0.4864064 0.0239187 0.4436703 0.0460046
0.6119287 0.0573082 0.2820481 0.0487151
0.4132518 0.0432445 0.4593842 0.0841196
0.6005427 0.0349302 0.3247706 0.0397566
0.6170124 0.0409230 0.3060529 0.0360118
0.6228422 0.0437486 0.2965193 0.0368899
0.5628387 0.0227866 0.3866581 0.0277166
0.4632337 0.0639112 0.3892310 0.0836242
0.3614718 0.0457551 0.4705815 0.1221916
0.5379543 0.0160463 0.4212022 0.0247972
0.2676640 0.0069663 0.6876862 0.0376836
0.3790862 0.0321717 0.4838188 0.1049234
0.3752491 0.0422729 0.4930859 0.0893920
0.3619815 0.0435464 0.4895454 0.1049267
0.4798256 0.0775107 0.3528562 0.0898075
0.3548451 0.0531844 0.5048194 0.0871512
0.4416237 0.0487355 0.4477100 0.0619308
0.5731710 0.0383529 0.3481979 0.0402782
0.2896468 0.0184039 0.5689886 0.1229607
0.4201264 0.0189456 0.4886255 0.0723025
0.5320882 0.0570236 0.3484055 0.0624827
0.4874559 0.0641398 0.3826921 0.0657122
0.5170271 0.0441829 0.3839631 0.0548268
0.4934362 0.0467208 0.4034210 0.0564219
0.4504373 0.0912436 0.3706877 0.0876314
0.3968835 0.0782556 0.4100648 0.1147961
0.5468187 0.0492779 0.3485998 0.0553036
0.4719183 0.0353916 0.3867686 0.1059215
0.4956429 0.0393099 0.4168189 0.0482283
0.6480504 0.0351660 0.2923889 0.0243947
0.5265043 0.0601010 0.3570109 0.0563838
0.4860257 0.1021494 0.3233602 0.0884646
0.5275235 0.0415874 0.3813565 0.0495326
0.4929949 0.0469630 0.3971958 0.0628462
0.4703635 0.0281624 0.4449990 0.0564750
0.5855184 0.0344592 0.3502535 0.0297690
0.4767281 0.0339672 0.4380800 0.0512247
0.4380326 0.0952140 0.3645466 0.1022068
0.5525687 0.0668512 0.3202555 0.0603246
0.4978790 0.0446991 0.3892969 0.0681250
0.4737816 0.0885848 0.3490751 0.0885585
0.3268734 0.0516365 0.5042474 0.1172428
0.5206397 0.0415768 0.3767275 0.0610560
0.4368066 0.0605221 0.4231499 0.0795214
0.4228180 0.0263891 0.5035214 0.0472716
0.3823560 0.0276584 0.5047351 0.0852505
0.4861899 0.0805540 0.3502275 0.0830286
0.7170110 0.0720386 0.1882231 0.0227273
0.3335668 0.0269002 0.5572851 0.0822479
0.5800200 0.0616300 0.2959751 0.0623749
0.4989857 0.0505483 0.4026114 0.0478546
0.5102125 0.0423383 0.3889104 0.0585388
0.4917252 0.0309356 0.4315826 0.0457565
0.5154995 0.0383872 0.3915570 0.0545563
0.5347716 0.0490562 0.3563189 0.0598533
0.5731788 0.0915203 0.2578550 0.0774458
0.4060902 0.0560532 0.4397228 0.0981339
0.4191662 0.0212619 0.5189972 0.0405747
0.3902885 0.0215764 0.5244784 0.0636568
0.5337517 0.0616457 0.3443092 0.0602933
0.5421673 0.0609687 0.3374225 0.0594416
0.5560017 0.0506802 0.3435127 0.0498054
0.5665817 0.0466342 0.3295550 0.0572291
0.2668786 0.0438422 0.5465367 0.1427425
0.3197805 0.0425870 0.5316531 0.1059794
0.4456446 0.0332209 0.4531249 0.0680097
0.4078287 0.0464822 0.4502354 0.0954537
0.2940326 0.0223152 0.5673025 0.1163497
0.4331092 0.0323994 0.4719474 0.0625440
0.4181381 0.0290469 0.4816036 0.0712114
0.5163173 0.0694760 0.3424530 0.0717537
0.2190605 0.0512229 0.5331560 0.1965606
0.3571158 0.0356181 0.5523091 0.0549570
0.4038854 0.0292072 0.5130484 0.0538590
0.5083161 0.0430282 0.3754447 0.0732109
0.3188523 0.0700154 0.4497937 0.1613386
0.4636304 0.0827206 0.3641297 0.0895193
0.3878450 0.0255607 0.5281527 0.0584416
0.4519846 0.0408769 0.4485336 0.0586049
0.5058125 0.0488938 0.3741817 0.0711120
0.5121373 0.0374136 0.3951262 0.0553229
0.3096036 0.0360612 0.5179662 0.1363690
0.5098602 0.0360610 0.3829993 0.0710795
